function dirs = get300dirs() 
    dirs = [ 0         0    1.0000;
       -0.9999   -0.0000   -0.0158;
       -0.6801    0.6656    0.3072;
       -0.5289    0.0291    0.8482;
       -0.0669   -0.6461    0.7603;
        0.9869    0.1130    0.1151;
       -0.8963    0.3359    0.2897;
       -0.9902    0.1061    0.0913;
       -0.2338    0.1884    0.9538;
       -0.0651    0.8871    0.4570;
        0.2110   -0.9246    0.3171;
       -0.2245    0.9729   -0.0561;
        0.6331   -0.7723    0.0524;
       -0.0711    0.9753    0.2090;
       -0.7725   -0.3590    0.5237;
        0.4156    0.1420    0.8984;
        0.5500   -0.7232    0.4177;
        0.1246   -0.5130    0.8493;
        0.5919    0.7346    0.3316;
        0.2106   -0.2115    0.9544;
       -0.4511   -0.7846    0.4253;
        0.7730   -0.3808    0.5073;
        0.9213    0.3585    0.1506;
       -0.5611    0.7554    0.3385;
       -0.4696    0.3225    0.8218;
        0.3470   -0.1520    0.9255;
        0.7461    0.6611    0.0792;
       -0.8956    0.4208   -0.1445;
        0.5901   -0.6186    0.5188;
       -0.0243   -0.9029    0.4292;
       -0.3547    0.2598    0.8982;
        0.7011    0.6299    0.3341;
        0.6492    0.4987    0.5743;
       -0.4688   -0.5913    0.6562;
       -0.4991    0.8410    0.2091;
        0.6335   -0.7167    0.2916;
       -0.9635    0.0755    0.2569;
        0.0875    0.6826    0.7256;
        0.0189    0.7770    0.6293;
        0.8375   -0.4736    0.2724;
        0.0038    0.9969    0.0788;
       -0.0642    0.5205    0.8515;
        0.9140    0.1940    0.3564;
        0.7591    0.4024    0.5117;
       -0.8205    0.4510    0.3514;
        0.6845   -0.5018    0.5288;
       -0.0784    0.3865    0.9190;
       -0.8535   -0.3374    0.3971;
        0.3109    0.8957    0.3180;
       -0.0939    0.2439    0.9652;
       -0.9578    0.2123    0.1938;
        0.4351   -0.8805    0.1880;
       -0.4314    0.8337    0.3448;
       -0.4593   -0.1037    0.8822;
        0.3701   -0.9272    0.0572;
        0.3410    0.6383    0.6902;
        0.9528   -0.2843    0.1061;
       -0.9476   -0.0635    0.3131;
        0.7203    0.5316    0.4456;
        0.4998   -0.5890    0.6351;
        0.4947    0.8654    0.0798;
       -0.7773   -0.4686    0.4198;
        0.0789   -0.7440    0.6635;
       -0.2170   -0.7617    0.6105;
       -0.6498    0.5416    0.5333;
        0.0697   -0.2671    0.9612;
        0.4023   -0.4020    0.8225;
       -0.7666    0.6413   -0.0322;
       -0.6833    0.1366    0.7173;
        0.2174    0.7179    0.6614;
       -0.8436    0.3225    0.4294;
       -0.7641   -0.5677    0.3064;
        0.1510    0.8120    0.5637;
        0.0477    0.2973    0.9536;
       -0.0819   -0.9953    0.0510;
       -0.0718   -0.7530    0.6541;
       -0.2079    0.4715    0.8570;
       -0.9628   -0.1725    0.2080;
        0.9216   -0.3882    0.0007;
        0.1596   -0.3785    0.9117;
       -0.6125    0.6555    0.4417;
       -0.2502   -0.3240    0.9124;
        0.1578    0.9843    0.0791;
       -0.5858   -0.5955    0.5497;
        0.7322   -0.0092    0.6810;
        0.2257   -0.7085    0.6687;
        0.9856   -0.0303    0.1661;
       -0.1580    0.7126    0.6835;
        0.4234    0.6979    0.5776;
       -0.9219   -0.3875   -0.0025;
       -0.3445   -0.7733    0.5323;
        0.9155   -0.3153    0.2500;
        0.0095   -0.3991    0.9168;
       -0.5599    0.5079    0.6546;
        0.5410    0.1785    0.8219;
       -0.5732   -0.6947    0.4345;
        0.7731    0.1233    0.6221;
        0.8216   -0.5523    0.1411;
       -0.0510    0.6428    0.7644;
        0.0061    0.9422    0.3350;
        0.8461    0.3024    0.4388;
        0.4118   -0.7984    0.4393;
        0.0381   -0.8346    0.5495;
        0.2939   -0.9369    0.1892;
       -0.7098   -0.1200    0.6941;
       -0.4582    0.4613    0.7598;
       -0.5307    0.6293    0.5678;
       -0.8269   -0.5352    0.1725;
       -0.3484   -0.9352   -0.0631;
       -0.3965    0.0482    0.9167;
       -0.4879    0.7365    0.4685;
        0.1880    0.3466    0.9190;
       -0.3000    0.6590    0.6897;
       -0.5519   -0.3697    0.7475;
       -0.9876   -0.0327    0.1536;
        0.4032    0.8935    0.1978;
       -0.2218    0.3337    0.9162;
        0.0241    0.1517    0.9881;
        0.5766    0.3095    0.7562;
       -0.4721    0.1696    0.8651;
        0.6861    0.2254    0.6917;
       -0.4362   -0.8982    0.0550;
       -0.6970   -0.7150    0.0536;
       -0.5689    0.8189    0.0759;
        0.6483    0.0949    0.7554;
       -0.1166    0.0961    0.9885;
       -0.5465   -0.7785    0.3085;
       -0.3208   -0.0928    0.9426;
        0.8423    0.0186    0.5386;
       -0.3687   -0.2295    0.9008;
       -0.2041   -0.1885    0.9606;
       -0.3183   -0.8551    0.4093;
        0.4703    0.8245    0.3147;
       -0.4349    0.5897    0.6805;
        0.4908   -0.8134    0.3123;
       -0.9157   -0.3084    0.2576;
       -0.4001    0.7042    0.5865;
       -0.8127   -0.5819    0.0303;
        0.7035   -0.6925    0.1597;
        0.5689    0.4454    0.6913;
       -0.5820    0.2300    0.7800;
        0.4651   -0.7008    0.5409;
        0.6235   -0.0510    0.7801;
        0.6216   -0.4379    0.6495;
        0.4588    0.5464    0.7007;
       -0.9256    0.3502    0.1438;
       -0.2452   -0.9685    0.0426;
       -0.2546   -0.9230    0.2884;
       -0.9877    0.1424   -0.0642;
       -0.8876   -0.0821    0.4533;
       -0.0050   -0.9835    0.1806;
       -0.0897   -0.9496    0.3002;
       -0.3544    0.8067    0.4729;
        0.4975   -0.4718    0.7280;
        0.5835   -0.1953    0.7883;
        0.9141   -0.2035    0.3507;
        0.3664   -0.5379    0.7592;
        0.7694   -0.4941    0.4048;
       -0.3324   -0.9296    0.1595;
       -0.8602    0.4844    0.1595;
        0.5073   -0.8599    0.0563;
        0.5009    0.7374    0.4532;
        0.2808    0.1013    0.9544;
       -0.3981   -0.8724    0.2835;
       -0.3296    0.5365    0.7769;
       -0.6406   -0.2498    0.7261;
       -0.7713    0.3038    0.5593;
        0.2992   -0.3211    0.8985;
        0.5408    0.6032    0.5863;
       -0.7500   -0.2417    0.6157;
       -0.9563   -0.2760    0.0965;
       -0.8398   -0.2228    0.4951;
       -0.5030   -0.8453    0.1799;
       -0.8496   -0.4417    0.2883;
       -0.2922    0.8935    0.3409;
       -0.5002   -0.2522    0.8283;
        0.2130    0.6069    0.7657;
        0.5302   -0.3351    0.7789;
        0.8541    0.4647    0.2335;
       -0.8444    0.0392    0.5343;
        0.2485   -0.0467    0.9675;
       -0.8525    0.5226    0.0073;
       -0.6264   -0.7582    0.1808;
       -0.2550    0.0403    0.9661;
       -0.9145    0.0572    0.4005;
        0.6160    0.6399    0.4595;
       -0.7825    0.5655    0.2605;
       -0.9665   -0.2509   -0.0542;
        0.2666   -0.4630    0.8453;
        0.7994   -0.1165    0.5894;
        0.6776    0.7058    0.2066;
       -0.4709   -0.6933    0.5455;
       -0.1737   -0.8945    0.4119;
       -0.6230    0.7558    0.2016;
       -0.1491    0.9857    0.0781;
       -0.4384    0.8956    0.0756;
        0.9620   -0.1744    0.2101;
       -0.5782   -0.4867    0.6548;
       -0.7255    0.5580    0.4028;
       -0.1181    0.8097    0.5748;
        0.7769    0.2651    0.5711;
       -0.2206    0.9530    0.2075;
       -0.6828   -0.5887    0.4327;
        0.4375    0.2855    0.8527;
        0.0828   -0.6346    0.7684;
        0.8164    0.4377    0.3767;
       -0.8603    0.1792    0.4773;
        0.2278   -0.5948    0.7709;
       -0.6620   -0.6807    0.3136;
        0.2985    0.7788    0.5517;
        0.6995   -0.1555    0.6975;
        0.0851    0.8882    0.4516;
        0.1401    0.0555    0.9886;
        0.3879   -0.0056    0.9217;
       -0.3445   -0.6778    0.6495;
